test_iter: 32
test_interval: 300
base_lr: 0.00999999977648
display: 37
max_iter: 900
lr_policy: "exp"
gamma: 0.994316935539
momentum: 0.899999976158
weight_decay: 9.99999974738e-05
snapshot: 300
snapshot_prefix: "snapshot"
solver_mode: GPU
net: "train_val.prototxt"
solver_type: NESTEROV
